grad =

  -4.6881e-005
  0.0000e+000
  0.0000e+000
  -9.2726e-010
  8.5887e-009
  9.2907e-009
  -4.1544e-008
  4.3826e-007
  2.9887e-007
  -1.7618e-008
  3.5265e-009
  1.5976e-009
  -7.9226e-009
  -3.9409e-008
  -7.2647e-009
  8.1148e-008
  1.1369e-007
  9.5078e-009
  -1.6116e-009
  -1.6912e-012
  0.0000e+000
  -3.0550e-013
  1.6584e-010
  9.3706e-009
  -1.0516e-007
  -1.1030e-007
  -4.7660e-008
  6.5708e-007
  4.3311e-007
  -8.8581e-008
  -1.1227e-007
  -2.3871e-008
  9.9932e-008
  3.8915e-007
  -5.0369e-008
  -1.0252e-006
  -1.3197e-006
  -1.7462e-007
  -1.1901e-007
  9.7269e-009
  2.3792e-009
  2.4711e-012
  3.1743e-009
  1.8315e-008
  -5.1975e-007
  -6.5865e-007
  -9.2454e-007
  -1.5312e-006
  -1.8394e-006
  -1.9062e-006
  -8.9702e-007
  -3.6849e-007
  -5.5523e-008
  3.4516e-006
  5.2864e-006
  3.1327e-006
  -2.2275e-006
  -2.9221e-006
  -6.8644e-007
  5.4494e-008
  -1.0498e-008
  1.2456e-011
  -3.8899e-008
  -7.6203e-009
  4.3293e-006
  4.5241e-006
  4.1924e-006
  3.4618e-006
  -2.2644e-006
  3.4862e-006
  5.9724e-006
  1.1283e-006
  1.5571e-006
  -1.8019e-006
  1.8656e-006
  5.2152e-006
  1.0147e-005
  2.3161e-005
  2.3068e-005
  -1.4756e-006
  -2.1324e-007
  2.7558e-011
  -2.1385e-007
  6.6537e-007
  1.3283e-005
  2.3085e-005
  3.7322e-005
  6.7101e-006
  7.3023e-007
  -1.1409e-007
  6.9175e-006
  1.7179e-005
  4.3265e-006
  -2.4349e-005
  -6.8869e-007
  4.7205e-005
  4.4551e-005
  2.7537e-005
  2.1901e-005
  -4.4732e-006
  -5.6135e-007
  -3.1977e-010
  -1.4614e-007
  6.4931e-006
  2.2174e-006
  4.1253e-005
  6.2290e-006
  5.1370e-006
  3.5948e-005
  -1.5919e-006
  -1.5452e-005
  1.8723e-005
  6.2818e-006
  -1.8999e-005
  -4.2977e-006
  2.6210e-005
  1.0537e-005
  -1.2375e-005
  -2.2959e-005
  -1.0591e-005
  -5.1385e-008
  7.5576e-010
  -1.3873e-007
  1.5340e-005
  9.2668e-006
  3.8110e-005
  -6.1095e-006
  -9.5718e-006
  8.4027e-006
  -5.5514e-006
  -1.2941e-006
  6.7094e-006
  1.4465e-005
  1.7465e-005
  3.0575e-006
  -8.3881e-005
  -1.8834e-004
  -1.3236e-004
  -3.8512e-005
  -1.0370e-005
  9.4167e-008
  1.7468e-009
  -4.4875e-009
  9.9964e-006
  3.4090e-005
  8.5987e-005
  1.1316e-004
  8.6997e-005
  2.6531e-006
  -1.2355e-005
  -1.4931e-005
  -7.5398e-006
  1.6795e-005
  2.7879e-005
  -7.4283e-005
  -1.7570e-004
  -3.1682e-004
  -2.5201e-004
  -3.4155e-005
  -3.2393e-006
  -8.0184e-007
  -1.6124e-007
  2.2533e-006
  7.0708e-006
  4.7923e-005
  1.9755e-004
  2.0224e-004
  1.6943e-004
  2.3570e-005
  -5.1656e-005
  -7.2837e-005
  -6.1445e-005
  -8.3739e-005
  -1.0671e-004
  -9.1495e-005
  -1.4722e-004
  -2.4345e-004
  -2.4481e-004
  -3.4758e-005
  3.0154e-006
  -5.7361e-007
  -3.8866e-007
  3.4714e-006
  6.8725e-006
  6.0370e-005
  9.8942e-005
  7.8985e-005
  2.0647e-005
  -3.4740e-005
  -3.0145e-005
  -4.1185e-005
  -3.4077e-005
  -2.4688e-005
  -2.6591e-005
  -2.1748e-005
  -7.0065e-005
  -1.5731e-004
  -7.9299e-005
  5.4759e-005
  2.0659e-005
  -1.6554e-006
  -2.9249e-007
  4.4171e-006
  -2.4353e-005
  -8.6241e-005
  -6.8920e-005
  -1.0987e-004
  -9.0404e-005
  -2.8452e-005
  2.7856e-005
  -5.1932e-006
  -1.8431e-005
  -8.7636e-006
  2.3828e-005
  -1.8633e-005
  -3.6728e-005
  -5.8316e-005
  6.5804e-005
  3.1104e-005
  -1.9410e-006
  -1.4235e-006
  -3.2693e-007
  7.2262e-006
  -2.6345e-005
  -2.4440e-004
  -1.7864e-004
  -1.1723e-004
  -7.9291e-005
  -8.9160e-005
  -1.2571e-004
  -1.6473e-004
  -1.0329e-004
  -6.0947e-005
  -6.6054e-005
  -6.8880e-005
  -3.4024e-005
  6.4560e-005
  1.1735e-004
  3.2438e-005
  -7.1856e-006
  4.2973e-007
  -1.4285e-007
  5.4262e-006
  -3.3138e-005
  -2.3092e-004
  -2.6193e-004
  -1.7906e-004
  -1.5044e-004
  -1.9890e-004
  -1.9779e-004
  -1.5838e-004
  -1.1270e-004
  -8.7578e-005
  -5.7498e-005
  -3.3773e-005
  1.8526e-005
  8.0792e-005
  7.6077e-005
  -1.1143e-005
  6.2299e-006
  5.9760e-007
  1.8438e-007
  -5.4054e-009
  -1.1468e-005
  -1.2383e-004
  -2.1893e-004
  -1.7345e-004
  -7.9852e-005
  -7.8301e-005
  -8.2758e-005
  -4.5494e-005
  -5.4836e-005
  -3.9444e-005
  -2.5823e-005
  -7.7673e-006
  2.7675e-005
  7.2658e-005
  6.8120e-005
  2.9687e-005
  8.5585e-006
  2.8937e-007
  2.0754e-008
  2.8025e-007
  3.1567e-006
  -5.1130e-005
  -1.1062e-004
  -2.2186e-005
  4.1694e-005
  1.9666e-005
  3.9248e-006
  -2.9519e-006
  -2.1213e-005
  -6.9294e-006
  -1.5602e-005
  -3.1705e-005
  -7.8812e-006
  1.9063e-005
  1.4044e-005
  5.0366e-005
  4.8938e-006
  1.3298e-006
  -7.9705e-010
  9.4424e-007
  -3.0367e-006
  -7.4639e-005
  -3.7922e-005
  4.7033e-005
  3.4924e-005
  1.4953e-005
  -1.5674e-007
  -2.7349e-006
  -2.3234e-005
  -9.9902e-006
  -5.6401e-008
  -1.6450e-005
  -2.8520e-005
  2.2449e-005
  3.2615e-005
  3.1521e-005
  -2.1892e-007
  2.5225e-007
  -1.5277e-010
  1.4666e-007
  -4.8472e-007
  -1.6500e-005
  3.2995e-005
  5.1562e-005
  2.3748e-005
  5.6675e-006
  -3.5469e-006
  -1.6104e-006
  -3.6484e-006
  -6.7125e-006
  -8.2562e-006
  -3.0006e-005
  5.7958e-006
  7.1735e-005
  3.3931e-005
  -2.3769e-006
  -5.1668e-007
  3.6009e-007
  1.7768e-010
  -1.1395e-007
  2.6940e-007
  9.0572e-006
  3.0095e-005
  2.3660e-005
  7.0744e-006
  -2.0437e-006
  -7.1877e-007
  -1.7752e-006
  -2.4703e-006
  -2.0810e-006
  -4.9609e-006
  -2.0871e-005
  -6.3868e-006
  7.4512e-006
  -2.9599e-006
  -5.5771e-007
  -2.1094e-007
  5.8093e-008
  -6.2159e-012
  1.2074e-008
  -8.8312e-008
  -7.5839e-007
  3.5438e-006
  -1.4705e-007
  9.0236e-007
  -6.8673e-007
  -6.4469e-007
  -1.2600e-006
  -7.2052e-006
  -1.7414e-006
  -9.9308e-007
  -6.3563e-007
  1.9622e-006
  -1.1877e-005
  -4.8153e-006
  5.1718e-007
  1.4200e-008
  -7.2707e-009
  0.0000e+000
  -7.9768e-010
  1.8784e-008
  -4.9981e-008
  -6.8312e-007
  -3.7387e-007
  -2.1603e-007
  1.1243e-007
  -6.5728e-008
  -2.3347e-007
  -1.3150e-006
  -7.3009e-009
  -1.7698e-006
  -7.2960e-006
  -7.7908e-007
  1.1343e-006
  3.6833e-007
  -4.3180e-008
  2.7031e-012
  0.0000e+000

